6235
3400
1475
1200
1525
1175
0
0
0
0
200
1000
200
200
200
200
200
200
200
200
200
200
2550
200
2550
200
2075
5566
200
200
3200
200
200
3085
200
200
200
200
200
200
0
0
0
0
0
0
0
0
0
1
0
0
0
0
0
0
0
0
0
0
0
0
0
0
0
0
0
0
0
0
0
0
2000
0
#below is month 75 - June 2015
2000
#76-88
0
0
0
0
0
0
0
0
0
0
0
0
0
#89
2000
#90-100
0
0
0
0
0
0
0
0
0
0
0
#101
2000
#102-110
0
0
0
0
0
0
0
0
0
#111
1000
#112
500
#113
500
#114
1000
#115
1000
#116
1000
#117
1000
#118
300
#119
400
#120
500
#121
500
#122
500
#123
500
#124
1100
#125
1000
